667
1
3
4
5
7
9
11
13
14
16
17
19
21
22
23
24
25
28
29
33
34
35
38
39
41
42
43
45
48
50
56
60
62
63
70
73
74
75
77
78
81
83
87
89
90
92
98
100
103
106
107
109
110
111
112
113
120
121
122
125
127
132
135
136
139
140
141
142
145
148
149
154
159
164
166
167
170
174
176
177
178
179
181
184
186
187
189
192
193
194
196
197
201
202
203
205
208
209
210
211
212
213
216
217
219
220
222
225
228
229
230
232
233
235
239
240
241
245
247
251
254
255
258
260
261
265
267
268
272
274
275
276
277
278
279
281
282
283
284
286
287
292
293
294
296
298
299
300
301
302
303
305
308
309
311
312
313
314
315
316
317
319
320
323
325
326
328
329
332
333
334
340
342
346
347
348
349
351
352
354
356
357
358
360
361
362
364
367
369
370
374
377
378
379
380
381
387
389
391
393
396
397
400
404
406
411
412
416
420
421
423
425
429
430
431
433
435
436
439
440
441
442
446
448
450
451
453
456
457
460
462
463
467
468
472
473
477
479
480
483
485
486
488
489
491
493
497
499
500
502
504
505
506
507
508
509
514
515
516
519
520
526
530
531
532
533
536
538
539
540
541
546
549
550
551
554
555
556
557
559
560
561
565
567
569
570
574
575
576
584
588
591
592
593
594
596
597
602
604
605
606
610
611
613
614
616
621
623
626
627
629
638
639
640
641
642
644
645
646
647
648
649
650
652
654
655
656
658
663
667
669
671
672
677
678
679
680
682
687
688
690
691
692
693
694
702
704
706
707
708
712
713
718
719
722
723
724
725
727
728
729
730
732
733
734
736
738
739
741
742
743
745
746
747
748
754
755
756
757
761
764
766
767
768
771
772
775
776
777
778
779
780
784
785
786
787
790
791
792
799
802
803
804
807
809
811
812
815
819
820
821
822
823
826
827
829
830
831
836
839
842
843
844
845
848
849
850
851
852
854
855
859
860
863
864
865
867
869
870
874
875
877
878
880
886
887
888
889
890
893
895
896
899
900
905
906
907
908
913
914
917
921
922
923
924
925
926
931
933
935
936
938
939
942
944
948
950
951
954
955
959
962
963
964
966
969
970
971
972
975
976
978
983
986
987
989
992
994
997
998
0 2
8 6
15 10
26 12
31 18
37 20
46 27
51 30
54 32
58 36
64 40
67 44
71 47
79 49
84 52
88 53
94 55
97 57
102 59
108 61
116 65
119 66
126 69
130 69
134 72
143 76
147 80
152 82
156 85
160 86
163 91
169 93
173 95
182 96
188 99
195 101
200 104
207 105
218 114
224 115
231 117
237 118
243 123
248 124
252 128
257 129
263 131
269 133
273 137
288 138
291 144
304 146
310 150
322 151
330 153
336 155
339 157
344 158
353 161
363 165
368 165
373 172
382 168
385 172
390 175
395 180
401 183
405 185
409 190
414 191
418 198
424 199
428 204
437 206
444 214
449 215
455 221
461 223
466 226
471 234
476 234
482 238
490 238
495 242
501 244
511 250
517 246
522 250
525 253
529 256
537 259
544 262
548 264
558 266
564 270
571 280
577 280
580 285
583 295
587 289
595 295
600 297
607 306
612 307
618 318
622 321
628 324
632 331
635 331
643 335
657 337
661 338
665 341
670 345
675 345
683 350
686 355
696 359
699 365
703 366
710 371
715 372
720 375
731 376
740 383
750 384
753 386
760 388
765 392
773 394
782 398
789 399
795 402
798 403
805 410
810 407
816 413
824 413
832 415
835 419
840 419
847 422
857 426
862 427
871 432
876 434
882 438
885 443
894 445
901 447
904 452
911 454
916 458
920 464
929 464
934 465
941 469
946 470
952 474
957 475
961 478
968 481
977 487
981 487
985 492
991 494
996 496
